0.529845
0.013804
0.702707
0.323466
0.225249
0.890399
0.853171
0.273797
0.909886
0.016799
0.671150
0.236937
0.714769
0.828054
0.034584
0.332451
0.049892
0.668335
0.202067
0.575474
0.346940
0.474200
0.287739
0.997349
0.250677
0.335957
0.790966
0.102769
0.245050
0.777444
0.861746
0.106651
0.445787
0.698473
0.572482
0.206115
0.292175
0.410049
0.352295
0.411945
0.665311
0.842337
0.613277
0.406367
0.177461
0.396237
0.202979
0.019702
0.893622
0.378414
0.487569
0.141808
0.162160
0.449887
0.876915
0.481269
0.663671
0.018487
0.250692
0.343619
0.179882
0.112970
0.655460
0.790979
0.452284
0.755643
0.150650
0.729782
0.539983
0.931542
0.756913
0.816218
0.916576
0.236351
0.548105
0.803278
0.605500
0.608053
0.080556
0.997874
0.071235
0.957896
0.223517
0.423378
0.713696
0.147184
0.464974
0.186836
0.134210
0.800836
0.179038
0.411039
0.045864
0.025196
0.282490
0.345191
0.967349
0.239786
0.646520
0.431423
0.456788
0.943948
0.055667
0.398645
0.381337
0.991119
0.757861
0.144097
0.268773
0.891895
0.428745
0.750981
0.964591
0.988795
0.454933
0.579995
0.715533
0.199300
0.454726
0.380781
0.848288
0.527565
0.257929
0.400765
0.914114
0.225612
0.024463
0.458608
0.319802
0.874391
0.261169
0.982327
0.742896
0.005064
0.943444
0.444754
0.905114
0.711750
0.510378
0.908256
0.173819
0.398842
0.698615
0.390990
0.562811
0.790248
0.843837
0.729583
0.891580
0.038338
0.167999
0.013950
0.129977
0.919812
0.680649
0.801573
0.393439
0.955456
0.566197
0.879873
0.800597
0.847548
0.008112
0.019390
0.196857
0.016962
0.021813
0.097008
0.014308
0.960817
0.014981
0.656599
0.803931
0.571053
0.209212
0.920428
0.951366
0.328875
0.062710
0.859195
0.012473
0.971845
0.412468
0.932332
0.522348
0.291680
0.207723
0.712749
0.226128
0.874855
0.545855
0.505139
0.405192
0.440743
0.276594
0.521214
0.616188
0.862315
0.380666
0.737570
0.793287
0.936487
0.091783
0.487760
0.084417
0.109098
0.894347
0.298492
0.314422
0.288731
0.180511
0.941053
0.876898
0.563185
0.871664
0.538172
0.790921
0.491445
0.993636
0.646031
0.539486
0.734964
0.703932
0.060501
0.458567
0.707360
0.462319
0.261643
0.258464
0.532110
0.832943
0.708652
0.331763
0.778873
0.571609
0.509341
0.416992
0.884922
0.475042
0.883092
0.740310
0.568899
0.372131
0.281906
0.868530
0.110248
0.083158
0.151660
0.913531
0.090852
0.505854
0.665661
0.795635
0.201955
0.616492
0.078454
0.568301
0.922053
0.889064
0.961902
0.115425
0.110259
-0.113549
0.941439
0.473182
0.554917
0.579257
0.919183
0.716981
0.223569
0.923761
0.147926
0.124103
0.568300
0.548098
0.775234
0.827630
0.819466
0.355750
0.474000
0.346454
0.877572
0.834913
0.443137
0.060147
0.823651
0.447157
0.490356
0.166138
0.630045
0.734809
0.739457
0.607655
0.404169
0.880759
0.529367
0.356905
0.333396
0.314204
0.944372
0.503602
0.225781
0.753566
0.634187
0.352084
0.334684
0.023098
0.672034
0.670051
0.754919
0.564574
0.386568
0.790572
0.160893
0.897859
0.698793
0.170063
0.467992
0.719187
0.535521
0.597497
0.561795
0.405759
0.010365
0.224610
0.278579
0.620494
0.592187
0.326922
0.012645
0.673911
0.098903
0.508015
0.517673
0.221116
0.619549
0.776836
0.022952
0.844740
0.108729
0.444183
0.534452
0.174908
0.848460
0.973926
0.086183
0.395442
0.626904
0.900957
0.651566
0.108008
0.555441
0.863160
0.984672
0.071089
0.187432
0.551720
0.306077
0.179423
0.177942
0.785312
0.324904
0.828304
0.557087
0.685114
0.568960
0.581183
0.515059
0.621365
0.607210
0.457332
0.217179
0.143155
0.182598
0.126754
0.555264
0.100333
0.749089
0.698483
0.622539
0.103814
0.222181
0.695816
0.402100
0.140670
0.658813
0.770454
0.665661
0.910800
0.611260
0.576055
0.475126
0.303803
0.964232
0.248129
0.460658
0.062748
0.760533
0.395359
0.313395
0.263010
0.964980
0.085092
0.460200
0.188526
0.403660
0.744558
0.072162
0.735424
0.520283
0.625187
0.025439
0.999215
0.967476
0.749005
0.366797
0.825080
0.050435
0.856254
0.166965
0.319077
0.622376
0.910604
0.923947
0.039912
0.164565
0.275033
0.973467
0.058360
0.285928
0.062617
0.073992
0.911791
0.296954
0.677144
0.574994
0.159315
0.611770
0.778230
0.444554
0.764028
0.605801
0.036561
0.966954
0.698736
0.328961
0.662372
0.670580
0.830193
0.585220
0.049035
0.779123
0.795883
0.289170
0.607286
0.004604
0.148729
0.809506
0.207193
0.956589
0.539006
0.904895
0.950359
0.390059
0.516997
0.675310
0.043258
0.379665
0.819471
0.995008
0.644477
0.994485
0.728771
0.107153
0.330148
0.917690
0.975922
0.850556
0.623825
0.770390
0.345890
0.417753
0.203584
0.264858
0.767903
0.238476
0.985733
0.310615
0.954651
0.383563
0.085953
0.897183
0.610912
0.204488
0.274127
0.184797
0.120549
0.137498
0.075421
0.935507
0.668328
0.903735
0.122948
0.205425
0.862359
0.752062
0.567563
0.254622
0.100616
0.548657
0.101511
0.498023
0.976444
0.427651
0.630639
0.476286
0.631030
0.997869
0.234385
0.898360
0.693642
0.578939
0.040061
0.334718
0.022877
0.859956
0.706513
0.077567
0.453550
0.067319
0.126845
0.112917
0.941898
0.923108
0.008596
0.077562
0.552792
0.571547
0.955459
0.196147
0.236098
0.414717
0.956617
0.842603
0.051162
0.792320
0.893181
0.669508
0.089641
0.998000
0.695000
0.331301
0.458555
0.565098
0.573953
0.681314
0.563810
0.892268
0.597536
0.587608
0.889043
0.008504
0.121095
0.210161
0.844123
0.934703
0.456186
0.940178
0.263671
0.766073
0.613678
0.363355
0.631617
0.518709
0.478994
0.965284
0.046432
0.022679
0.495144
0.476059
0.459082
0.869099
0.647471
0.635167
0.115558
0.684625
0.767143
0.551044
0.190938
0.419531
0.507531
0.943177
0.034006
0.955715
0.560407
0.026882
0.465477
0.009402
0.174650
0.414169
0.493109
0.926880
0.996413
0.736161
0.781446
0.412867
0.588408
0.285228
0.763906
0.281378
0.302577
0.884226
0.758613
0.357645
0.171298
0.452043
0.862456
0.770770
0.709319
0.545428
0.392536
0.943878
0.021034
0.820084
0.069068
0.867752
0.975989
0.651308
0.510316
0.642527
0.263203
0.701340
0.390837
0.161101
0.578003
0.265332
0.176847
0.731416
0.720646
0.773504
0.859587
0.325959
0.024687
0.045412
0.366625
0.129944
0.592599
0.043215
0.647019
0.460106
0.285864
0.771301
0.465626
0.024422
0.537559
0.331984
0.961876
0.082534
0.149108
0.711848
0.808520
0.358298
0.912079
0.675186
0.596653
0.444256
0.368842
0.249462
0.005163
0.180902
0.039516
0.256246
0.517610
0.254335
0.900992
0.151127
0.928510
0.184441
0.513727
0.916518
0.280661
0.001021
0.510782
0.059552
0.313089
0.021417
0.419731
0.932727
0.935917
0.330369
0.559455
0.358102
0.263736
0.948404
0.027238
0.319703
0.028204
0.226275
0.476068
0.938007
0.168617
0.862605
0.988744
0.282527
0.228154
0.371276
0.367937
0.580092
0.269423
0.329654
0.215634
0.192015
0.934690
0.416091
0.346074
0.657623
0.863942
0.198416
0.521139
0.199757
0.288504
0.898781
0.357764
0.558612
0.709199
0.426656
0.153258
0.937856
0.473552
0.255558
0.449402
0.202491
0.666664
0.654671
0.311390
0.362220
0.959450
0.089121
0.626682
0.821582
0.787337
0.112152
0.005583
0.143133
0.807439
0.249566
0.866975
0.445479
0.429975
0.813839
0.201234
0.236380
0.526426
0.397748
0.691077
0.221890
0.332022
0.500514
0.644563
0.096220
0.708334
0.246207
0.161123
0.546787
0.695840
0.252037
0.710300
0.962617
0.581863
0.977407
0.797243
0.123170
0.191013
0.684786
0.891082
0.503113
0.737049
0.862959
0.969885
0.861946
0.713813
0.581715
0.463857
0.711425
0.199412
0.659500
0.783943
0.953347
0.266768
0.208305
0.405487
0.951721
0.168291
0.710564
0.698594
0.954839
0.927928
0.782279
0.220188
0.070812
0.952333
0.091029
0.079867
0.448184
0.537268
0.809958
0.746629
0.222993
0.925113
0.983916
0.451669
0.874545
0.074657
0.274041
0.316596
0.055319
0.703200
0.808493
0.541649
0.807418
0.242520
0.151217
0.562036
0.590864
0.974296
0.730389
0.863757
0.431483
0.012476
0.120208
0.171789
0.764448
0.429999
0.840664
0.408578
0.665948
0.274438
0.004193
0.191644
0.459001
0.038434
0.744971
0.230972
0.999216
0.097198
0.045030
0.190144
0.009304
0.774053
0.046839
0.200554
0.306712
0.003088
0.838365
0.774892
0.258298
0.511885
0.467422
0.158209
0.182567
0.318911
0.798445
0.812168
0.791499
0.741100
0.178992
0.009716
0.177406
0.600180
0.388051
0.371007
0.268541
0.353783
0.156102
0.010083
0.643599
0.469442
0.815198
0.443240
0.286800
0.521316
0.489752
0.377177
0.686471
0.752613
0.873442
0.856006
0.953410
0.735105
0.793744
0.985550
0.688927
0.791090
0.659382
0.808947
0.428418
0.037719
0.097041
0.969851
0.853968
0.769817
0.690089
0.467127
0.925309
0.291523
0.370482
0.785981
0.540591
0.111657
0.896715
0.952271
0.865408
0.380888
0.946250
0.827643
0.584130
0.109153
0.635119
0.623765
0.061954
0.397495
0.704984
0.241665
0.472311
0.872542
0.572949
0.612522
0.160657
0.936974
0.752623
0.563397
0.780009
0.188339
0.499496
0.488468
0.679725
0.052001
0.631937
0.508060
0.671353
0.038825
0.597376
0.325285
0.413236
0.608714
0.374723
0.487191
0.326633
0.887047
0.345078
0.522354
0.955709
0.704705
0.893784
0.020982
0.328277
0.339982
0.086703
0.702915
0.749745
0.171447
0.920897
0.820514
0.934860
0.592729
0.530716
0.964658
0.364724
0.342027
0.285254
0.483534
0.341597
0.961427
0.997876
0.149492
0.913570
0.105293
0.017210
0.537852
0.359276
0.384758
0.284812
0.226012
0.664174
0.663477
0.587027
0.134108
0.393249
0.638584
0.329799
0.897038
0.597975
0.374308
0.826406
0.580433
0.727471
0.919035
0.961677
0.645901
0.877946
0.672747
0.327773
0.008983
0.361366
0.904442
0.081685
0.228893
0.752977
0.463174
0.431299
0.217849
0.051410
0.626706
0.325378
0.019364
0.541834
0.224560
0.172435
0.439329
0.425607
0.237242
0.008964
0.268854
0.333777
0.729274
0.536475
0.721881
0.336287
0.373716
0.290821
0.281754
0.528932
0.599440
0.400551
0.877677
0.716134
0.635912
0.926504
0.924537
0.599767
0.251075
0.165399
0.330091
0.845073
0.946884
0.309468
0.005174
0.782476
0.731271
0.520802
0.834858
0.201016
0.038040
0.166944
0.589054
0.568426
0.654631
0.709350
0.672866
0.814699
0.477169
0.525882
0.868292
0.686286
0.519959
0.005518
0.569724
0.869185
0.661073
0.092451
0.947438
0.368260
0.817797
0.875982
0.289527
0.920379
0.282126
0.002757
0.027802
0.945293
0.799366
0.053647
0.905475
0.241688
0.389056
0.432085
0.835734
0.575268
0.971659
0.345818
0.001403
0.428210
0.390542
0.408454
0.608358
0.577210
0.614456
0.554197
0.048254
0.863890
0.217714
0.501716
0.574462
0.304323
0.130083
0.759853
0.035760
0.346428
0.466473
0.769368
0.532606
0.848147
0.546520
0.080336
0.870080
0.421483
0.336875
0.828118
0.660407
0.328065
0.419689
0.820065
0.977366
0.251214
0.666120
0.019328
0.307783
0.653615
0.755546
0.822639
0.254289
0.079989
0.395257
0.872000
0.894725
0.978602
0.203440
0.836359
0.711502
0.828538
0.976561
0.463657
0.141968
0.237957
0.318277
0.743333
0.079802
0.081226
0.087185
0.714782
0.987540
0.292590
0.136808
0.839509
0.532955
0.337821
0.272396
0.753869
0.873535
0.919925
0.426133
0.307886
0.080249
0.190111
0.421004
0.888394
0.944338
0.248513
0.005844
0.396241
0.804452
0.705568
0.652963
0.970306
0.828054
0.974402
0.190137
0.009125
0.781493
0.399019
0.395753
0.293953
0.085022
0.166092
0.643319
0.950026
0.466896
0.527219
0.204407
0.045032
0.873104
0.705485
0.150840
0.556215
0.140827
0.898193
0.679257
0.542311
0.809055
0.265191
0.944944
0.899780
0.433273
0.158827
0.810892
0.306215
0.270880
0.542615
0.668783
0.167946
0.143313
0.428257
0.423875
0.285375
0.152590
0.082829
0.392403
0.917247
0.523534
0.742736
0.613164
0.561352
0.433118
0.953262
0.489554
0.318025
0.878389
0.709557
0.822177
0.236269
0.651828
0.099025
0.145629
0.862761
0.799822
0.007155
0.436227
0.069135
0.398574
0.345110
0.854907
0.619107
0.181548
0.518330
0.987065
0.315727
0.276934
0.472455
0.545769
0.986310
0.095058
0.187469
0.265481
0.343032
0.444035
0.580148
0.078003
0.594348
0.484809
0.710836
0.883182
0.440294
0.949986
0.533180
0.759152
0.105221
0.347887
0.266163
0.210251
0.397965
0.079154
0.530738
0.486497
0.105068
0.717376
0.212175
0.704946
0.379272
0.101281
0.351691
0.150000
0.029454
0.341264
0.576019
0.437916
-0.241569
0.203655
0.642701
0.030702
-0.481700
0.582329
0.110564
0.126218
0.248568
0.951058
0.040589
0.778367
-0.061907
0.675855
0.686965
-0.398130
0.846362
0.096899
0.561101
0.042267
0.833838
0.879296
0.254278
0.993790
0.058360
0.842150
0.455354
0.215529
0.197234
0.363916
0.171366
-0.062906
0.370894
0.849816
0.644254
-0.083960
0.166178
0.751920
0.112899
0.665894
0.226181
-0.202200
0.267489
0.617075
0.649044
0.366616
0.354995
0.373779
0.217330
0.321898
0.537103
0.185718
0.226561
0.256952
0.702779
-0.366985
0.456149
0.313187
0.771982
-0.335619
0.715449
0.987694
-0.480834
0.088806
0.408321
0.471225
0.307236
0.262345
-0.457716
0.606875
0.938177
0.433901
0.040476
0.663719
0.778276
-0.169670
0.100000
