[[  2.76136076e-01  -4.25870386e-01  -3.53433873e-02 ...,   5.57707946e-01
    7.47579831e-01   1.16134606e+00]
 [  2.61987018e+00  -4.04409997e+00  -3.37142841e-01 ...,   5.29314528e+00
    7.09532424e+00   1.10232512e+01]
 [  1.21569128e+01  -1.87870105e+01  -1.57519045e+00 ...,   2.45724215e+01
    3.29398512e+01   5.11798929e+01]
 ..., 
 [ -2.31574681e+00   2.44241026e-01  -2.83835321e+00 ...,  -6.12903913e-01
    7.79986518e-01  -1.79814965e+00]
 [ -4.49710251e-01   1.70464453e+00  -1.37910177e+00 ...,   2.05607105e+00
    2.46231244e+00  -6.63261860e-01]
 [  1.79976002e+00   3.58561830e+00   6.88422235e-01 ...,   4.75844234e+00
    4.40032393e+00   7.76371853e-01]]
