[array([[  7.08428935e-01,   1.35731008e-04,   3.49366134e+01, ...,
         -7.47319290e+00,  -6.42096275e+00,  -4.98822844e+00],
       [  5.21426674e+04,   1.00033584e+00,   5.21251042e+04, ...,
          5.22203906e+04,   5.22030768e+04,   5.21844834e+04],
       [ -1.34360588e+00,  -1.20897378e+01,  -5.41751611e+01, ...,
         -4.55744767e+00,  -6.13280382e+00,  -7.28538759e+00],
       ..., 
       [ -2.30959732e+04,   1.10519459e+02,  -2.31325041e+04, ...,
         -2.30335672e+04,  -2.30399110e+04,  -2.30585044e+04],
       [ -1.15542812e-01,  -1.03668934e+00,  -4.63254865e+00, ...,
          1.09078511e+01,   9.89485635e+00,   8.40099902e+00],
       [  2.58099366e+04,   1.84651051e+02,   2.57823427e+04, ...,
          2.58634683e+04,   2.58616556e+04,   2.58422174e+04]])]
